[gd_scene load_steps=11 format=2]

[ext_resource path="res://Spatial.gd" type="Script" id=1]
[ext_resource path="res://Platform Objects/BlockLarge.tscn" type="PackedScene" id=2]
[ext_resource path="res://Character.gd" type="Script" id=3]

[sub_resource type="SpatialMaterial" id=1]
albedo_color = Color( 0.137255, 0.290196, 0.176471, 1 )

[sub_resource type="PlaneMesh" id=2]
material = SubResource( 1 )
size = Vector2( 50, 50 )

[sub_resource type="ConvexPolygonShape" id=8]
points = PoolVector3Array( 25, 0, 25, -25, 0, 25, 25, 0, -25, -25, 0, -25 )

[sub_resource type="SphereMesh" id=4]
radius = 0.5
height = 1.0

[sub_resource type="SpatialMaterial" id=5]
albedo_color = Color( 0.113725, 0.380392, 0.572549, 1 )

[sub_resource type="SphereShape" id=6]
radius = 0.5

[sub_resource type="PrismMesh" id=7]
size = Vector3( 0.5, 0.5, 0.1 )

[node name="Spatial" type="Spatial"]
script = ExtResource( 1 )

[node name="Ground" type="StaticBody" parent="."]

[node name="MeshInstance" type="MeshInstance" parent="Ground"]
transform = Transform( 1, 0, 0, 0, 1, 0, 0, 0, 1, -0.0552258, 0.0459182, 0.0614275 )
mesh = SubResource( 2 )
material/0 = null

[node name="CollisionShape" type="CollisionShape" parent="Ground"]
shape = SubResource( 8 )

[node name="CameraHub" type="Spatial" parent="."]
transform = Transform( 0.992447, 0.0273988, -0.119571, -0.0470555, 0.985202, -0.164811, 0.113286, 0.169193, 0.979051, -0.0309858, -0.00826669, 0 )

[node name="Camera" type="Camera" parent="CameraHub"]
transform = Transform( -0.999974, -4.09782e-008, -0.00728276, -0.00270785, 0.928308, 0.371802, 0.00676064, 0.371812, -0.928284, -1.09725, 4.997, -10.9201 )
fov = 118.125

[node name="DirectionalLight" type="DirectionalLight" parent="."]
transform = Transform( -0.0109109, -0.927492, -0.373684, 0.381369, -0.349319, 0.855882, -0.924359, -0.133173, 0.357528, -0.315433, 5.29033, 1.13926 )
shadow_enabled = true

[node name="BlockLarge" parent="." instance=ExtResource( 2 )]

[node name="BlockLarge2" parent="." instance=ExtResource( 2 )]
transform = Transform( 1, 0, 0, 0, 1, 0, 0, 0, 1, 1.5, 0, 0 )

[node name="BlockLarge3" parent="." instance=ExtResource( 2 )]
transform = Transform( 1, 0, 0, 0, 1, 0, 0, 0, 1, 1.5, 0, 1.5 )

[node name="BlockLarge4" parent="." instance=ExtResource( 2 )]
transform = Transform( 1, 0, 0, 0, 1, 0, 0, 0, 1, 0, 0, 1.5 )

[node name="BlockLarge5" parent="." instance=ExtResource( 2 )]
transform = Transform( 1, 0, 0, 0, 1, 0, 0, 0, 1, -2, 0, 1.5 )

[node name="BlockLarge6" parent="." instance=ExtResource( 2 )]
transform = Transform( 1, 0, 0, 0, 1, 0, 0, 0, 1, -2, 0, 2.5 )

[node name="Character" type="KinematicBody" parent="."]
transform = Transform( -4.37114e-008, 0, -1, 0, 1, 0, 1, 0, -4.37114e-008, 0, 1.46267, 0 )
script = ExtResource( 3 )

[node name="MeshInstance" type="MeshInstance" parent="Character"]
transform = Transform( 0.998885, 0, 0.0472189, 0, 1, 0, -0.0472189, 0, 0.998885, 0, 0, 0 )
mesh = SubResource( 4 )
material/0 = SubResource( 5 )

[node name="CollisionShape" type="CollisionShape" parent="Character"]
shape = SubResource( 6 )

[node name="MeshInstance2" type="MeshInstance" parent="Character"]
transform = Transform( -0.136901, 0.0062767, -0.990565, -0.97436, 0.179389, 0.135798, 0.178548, 0.983758, -0.0184427, -0.00905664, -0.0780574, 0.56926 )
mesh = SubResource( 7 )
material/0 = null

[node name="Camera" type="Camera" parent="Character"]
transform = Transform( -0.264355, 0.60298, -0.752683, -0.00276315, 0.77997, 0.625811, 0.964422, 0.167516, -0.204523, -4.31616, 2.80225, -0.574225 )
current = true
